{
 "cells": [
  {
   "cell_type": "code",
   "execution_count": 4,
   "metadata": {},
   "outputs": [],
   "source": [
    "    \n",
    "from math import sqrt\n",
    "quad_points = [-1/sqrt(3), 1/sqrt(3)]\n",
    "quad_weights = [1,1]"
   ]
  },
  {
   "cell_type": "code",
   "execution_count": 7,
   "metadata": {},
   "outputs": [
    {
     "name": "stdout",
     "output_type": "stream",
     "text": [
      "[-0.00581188  0.01162377  0.01873008  0.02646666  0.0309492   0.03259174\n",
      "  0.0309492   0.02646666  0.01873008  0.01162377 -0.00581188]\n",
      "m [[ 3.46410162e+01 -9.28203230e+00  2.48711306e+00 -6.66419942e-01\n",
      "   1.78566708e-01 -4.78468900e-02  1.28208517e-02 -3.43651696e-03\n",
      "   9.25216104e-04 -2.64347458e-04  1.32173729e-04]\n",
      " [-9.28203230e+00  1.85640646e+01 -4.97422612e+00  1.33283988e+00\n",
      "  -3.57133416e-01  9.56937799e-02 -2.56417035e-02  6.87303392e-03\n",
      "  -1.85043221e-03  5.28694917e-04 -2.64347458e-04]\n",
      " [ 2.48711306e+00 -4.97422612e+00  1.74097914e+01 -4.66493960e+00\n",
      "   1.24996696e+00 -3.34928230e-01  8.97459621e-02 -2.40556187e-02\n",
      "   6.47651273e-03 -1.85043221e-03  9.25216104e-04]\n",
      " [-6.66419942e-01  1.33283988e+00 -4.66493960e+00  1.73269185e+01\n",
      "  -4.64273441e+00  1.24401914e+00 -3.33342145e-01  8.93494409e-02\n",
      "  -2.40556187e-02  6.87303392e-03 -3.43651696e-03]\n",
      " [ 1.78566708e-01 -3.57133416e-01  1.24996696e+00 -4.64273441e+00\n",
      "   1.73209707e+01 -4.64114833e+00  1.24362262e+00 -3.33342145e-01\n",
      "   8.97459621e-02 -2.56417035e-02  1.28208517e-02]\n",
      " [-4.78468900e-02  9.56937799e-02 -3.34928230e-01  1.24401914e+00\n",
      "  -4.64114833e+00  1.73205742e+01 -4.64114833e+00  1.24401914e+00\n",
      "  -3.34928230e-01  9.56937799e-02 -4.78468900e-02]\n",
      " [ 1.28208517e-02 -2.56417035e-02  8.97459621e-02 -3.33342145e-01\n",
      "   1.24362262e+00 -4.64114833e+00  1.73209707e+01 -4.64273441e+00\n",
      "   1.24996696e+00 -3.57133416e-01  1.78566708e-01]\n",
      " [-3.43651696e-03  6.87303392e-03 -2.40556187e-02  8.93494409e-02\n",
      "  -3.33342145e-01  1.24401914e+00 -4.64273441e+00  1.73269185e+01\n",
      "  -4.66493960e+00  1.33283988e+00 -6.66419942e-01]\n",
      " [ 9.25216104e-04 -1.85043221e-03  6.47651273e-03 -2.40556187e-02\n",
      "   8.97459621e-02 -3.34928230e-01  1.24996696e+00 -4.66493960e+00\n",
      "   1.74097914e+01 -4.97422612e+00  2.48711306e+00]\n",
      " [-2.64347458e-04  5.28694917e-04 -1.85043221e-03  6.87303392e-03\n",
      "  -2.56417035e-02  9.56937799e-02 -3.57133416e-01  1.33283988e+00\n",
      "  -4.97422612e+00  1.85640646e+01 -9.28203230e+00]\n",
      " [ 1.32173729e-04 -2.64347458e-04  9.25216104e-04 -3.43651696e-03\n",
      "   1.28208517e-02 -4.78468900e-02  1.78566708e-01 -6.66419942e-01\n",
      "   2.48711306e+00 -9.28203230e+00  3.46410162e+01]]\n",
      "0.0\n",
      "[-0.00574695  0.01152598  0.01875847  0.02639354  0.03090686  0.03252838\n",
      "  0.03090686  0.02639354  0.01875847  0.01152598 -0.00574695]\n",
      "m [[ 3.46410162e+01 -9.28203230e+00  2.48711306e+00 -6.66419942e-01\n",
      "   1.78566708e-01 -4.78468900e-02  1.28208517e-02 -3.43651696e-03\n",
      "   9.25216104e-04 -2.64347458e-04  1.32173729e-04]\n",
      " [-9.28203230e+00  1.85640646e+01 -4.97422612e+00  1.33283988e+00\n",
      "  -3.57133416e-01  9.56937799e-02 -2.56417035e-02  6.87303392e-03\n",
      "  -1.85043221e-03  5.28694917e-04 -2.64347458e-04]\n",
      " [ 2.48711306e+00 -4.97422612e+00  1.74097914e+01 -4.66493960e+00\n",
      "   1.24996696e+00 -3.34928230e-01  8.97459621e-02 -2.40556187e-02\n",
      "   6.47651273e-03 -1.85043221e-03  9.25216104e-04]\n",
      " [-6.66419942e-01  1.33283988e+00 -4.66493960e+00  1.73269185e+01\n",
      "  -4.64273441e+00  1.24401914e+00 -3.33342145e-01  8.93494409e-02\n",
      "  -2.40556187e-02  6.87303392e-03 -3.43651696e-03]\n",
      " [ 1.78566708e-01 -3.57133416e-01  1.24996696e+00 -4.64273441e+00\n",
      "   1.73209707e+01 -4.64114833e+00  1.24362262e+00 -3.33342145e-01\n",
      "   8.97459621e-02 -2.56417035e-02  1.28208517e-02]\n",
      " [-4.78468900e-02  9.56937799e-02 -3.34928230e-01  1.24401914e+00\n",
      "  -4.64114833e+00  1.73205742e+01 -4.64114833e+00  1.24401914e+00\n",
      "  -3.34928230e-01  9.56937799e-02 -4.78468900e-02]\n",
      " [ 1.28208517e-02 -2.56417035e-02  8.97459621e-02 -3.33342145e-01\n",
      "   1.24362262e+00 -4.64114833e+00  1.73209707e+01 -4.64273441e+00\n",
      "   1.24996696e+00 -3.57133416e-01  1.78566708e-01]\n",
      " [-3.43651696e-03  6.87303392e-03 -2.40556187e-02  8.93494409e-02\n",
      "  -3.33342145e-01  1.24401914e+00 -4.64273441e+00  1.73269185e+01\n",
      "  -4.66493960e+00  1.33283988e+00 -6.66419942e-01]\n",
      " [ 9.25216104e-04 -1.85043221e-03  6.47651273e-03 -2.40556187e-02\n",
      "   8.97459621e-02 -3.34928230e-01  1.24996696e+00 -4.66493960e+00\n",
      "   1.74097914e+01 -4.97422612e+00  2.48711306e+00]\n",
      " [-2.64347458e-04  5.28694917e-04 -1.85043221e-03  6.87303392e-03\n",
      "  -2.56417035e-02  9.56937799e-02 -3.57133416e-01  1.33283988e+00\n",
      "  -4.97422612e+00  1.85640646e+01 -9.28203230e+00]\n",
      " [ 1.32173729e-04 -2.64347458e-04  9.25216104e-04 -3.43651696e-03\n",
      "   1.28208517e-02 -4.78468900e-02  1.78566708e-01 -6.66419942e-01\n",
      "   2.48711306e+00 -9.28203230e+00  3.46410162e+01]]\n",
      "0.0017241379310344827\n",
      "[-0.00573141  0.01152124  0.01868822  0.0263876   0.03082599  0.03249384\n",
      "  0.03082599  0.0263876   0.01868822  0.01152124 -0.00573141]\n",
      "m [[ 3.46410162e+01 -9.28203230e+00  2.48711306e+00 -6.66419942e-01\n",
      "   1.78566708e-01 -4.78468900e-02  1.28208517e-02 -3.43651696e-03\n",
      "   9.25216104e-04 -2.64347458e-04  1.32173729e-04]\n",
      " [-9.28203230e+00  1.85640646e+01 -4.97422612e+00  1.33283988e+00\n",
      "  -3.57133416e-01  9.56937799e-02 -2.56417035e-02  6.87303392e-03\n",
      "  -1.85043221e-03  5.28694917e-04 -2.64347458e-04]\n",
      " [ 2.48711306e+00 -4.97422612e+00  1.74097914e+01 -4.66493960e+00\n",
      "   1.24996696e+00 -3.34928230e-01  8.97459621e-02 -2.40556187e-02\n",
      "   6.47651273e-03 -1.85043221e-03  9.25216104e-04]\n",
      " [-6.66419942e-01  1.33283988e+00 -4.66493960e+00  1.73269185e+01\n",
      "  -4.64273441e+00  1.24401914e+00 -3.33342145e-01  8.93494409e-02\n",
      "  -2.40556187e-02  6.87303392e-03 -3.43651696e-03]\n",
      " [ 1.78566708e-01 -3.57133416e-01  1.24996696e+00 -4.64273441e+00\n",
      "   1.73209707e+01 -4.64114833e+00  1.24362262e+00 -3.33342145e-01\n",
      "   8.97459621e-02 -2.56417035e-02  1.28208517e-02]\n",
      " [-4.78468900e-02  9.56937799e-02 -3.34928230e-01  1.24401914e+00\n",
      "  -4.64114833e+00  1.73205742e+01 -4.64114833e+00  1.24401914e+00\n",
      "  -3.34928230e-01  9.56937799e-02 -4.78468900e-02]\n",
      " [ 1.28208517e-02 -2.56417035e-02  8.97459621e-02 -3.33342145e-01\n",
      "   1.24362262e+00 -4.64114833e+00  1.73209707e+01 -4.64273441e+00\n",
      "   1.24996696e+00 -3.57133416e-01  1.78566708e-01]\n",
      " [-3.43651696e-03  6.87303392e-03 -2.40556187e-02  8.93494409e-02\n",
      "  -3.33342145e-01  1.24401914e+00 -4.64273441e+00  1.73269185e+01\n",
      "  -4.66493960e+00  1.33283988e+00 -6.66419942e-01]\n",
      " [ 9.25216104e-04 -1.85043221e-03  6.47651273e-03 -2.40556187e-02\n",
      "   8.97459621e-02 -3.34928230e-01  1.24996696e+00 -4.66493960e+00\n",
      "   1.74097914e+01 -4.97422612e+00  2.48711306e+00]\n",
      " [-2.64347458e-04  5.28694917e-04 -1.85043221e-03  6.87303392e-03\n",
      "  -2.56417035e-02  9.56937799e-02 -3.57133416e-01  1.33283988e+00\n",
      "  -4.97422612e+00  1.85640646e+01 -9.28203230e+00]\n",
      " [ 1.32173729e-04 -2.64347458e-04  9.25216104e-04 -3.43651696e-03\n",
      "   1.28208517e-02 -4.78468900e-02  1.78566708e-01 -6.66419942e-01\n",
      "   2.48711306e+00 -9.28203230e+00  3.46410162e+01]]\n",
      "0.0034482758620689655\n",
      "[-0.00569759  0.01147932  0.01867805  0.02631405  0.0308062   0.03240347\n",
      "  0.0308062   0.02631405  0.01867805  0.01147932 -0.00569759]\n",
      "m [[ 3.46410162e+01 -9.28203230e+00  2.48711306e+00 -6.66419942e-01\n",
      "   1.78566708e-01 -4.78468900e-02  1.28208517e-02 -3.43651696e-03\n",
      "   9.25216104e-04 -2.64347458e-04  1.32173729e-04]\n",
      " [-9.28203230e+00  1.85640646e+01 -4.97422612e+00  1.33283988e+00\n",
      "  -3.57133416e-01  9.56937799e-02 -2.56417035e-02  6.87303392e-03\n",
      "  -1.85043221e-03  5.28694917e-04 -2.64347458e-04]\n",
      " [ 2.48711306e+00 -4.97422612e+00  1.74097914e+01 -4.66493960e+00\n",
      "   1.24996696e+00 -3.34928230e-01  8.97459621e-02 -2.40556187e-02\n",
      "   6.47651273e-03 -1.85043221e-03  9.25216104e-04]\n",
      " [-6.66419942e-01  1.33283988e+00 -4.66493960e+00  1.73269185e+01\n",
      "  -4.64273441e+00  1.24401914e+00 -3.33342145e-01  8.93494409e-02\n",
      "  -2.40556187e-02  6.87303392e-03 -3.43651696e-03]\n",
      " [ 1.78566708e-01 -3.57133416e-01  1.24996696e+00 -4.64273441e+00\n",
      "   1.73209707e+01 -4.64114833e+00  1.24362262e+00 -3.33342145e-01\n",
      "   8.97459621e-02 -2.56417035e-02  1.28208517e-02]\n",
      " [-4.78468900e-02  9.56937799e-02 -3.34928230e-01  1.24401914e+00\n",
      "  -4.64114833e+00  1.73205742e+01 -4.64114833e+00  1.24401914e+00\n",
      "  -3.34928230e-01  9.56937799e-02 -4.78468900e-02]\n",
      " [ 1.28208517e-02 -2.56417035e-02  8.97459621e-02 -3.33342145e-01\n",
      "   1.24362262e+00 -4.64114833e+00  1.73209707e+01 -4.64273441e+00\n",
      "   1.24996696e+00 -3.57133416e-01  1.78566708e-01]\n",
      " [-3.43651696e-03  6.87303392e-03 -2.40556187e-02  8.93494409e-02\n",
      "  -3.33342145e-01  1.24401914e+00 -4.64273441e+00  1.73269185e+01\n",
      "  -4.66493960e+00  1.33283988e+00 -6.66419942e-01]\n",
      " [ 9.25216104e-04 -1.85043221e-03  6.47651273e-03 -2.40556187e-02\n",
      "   8.97459621e-02 -3.34928230e-01  1.24996696e+00 -4.66493960e+00\n",
      "   1.74097914e+01 -4.97422612e+00  2.48711306e+00]\n",
      " [-2.64347458e-04  5.28694917e-04 -1.85043221e-03  6.87303392e-03\n",
      "  -2.56417035e-02  9.56937799e-02 -3.57133416e-01  1.33283988e+00\n",
      "  -4.97422612e+00  1.85640646e+01 -9.28203230e+00]\n",
      " [ 1.32173729e-04 -2.64347458e-04  9.25216104e-04 -3.43651696e-03\n",
      "   1.28208517e-02 -4.78468900e-02  1.78566708e-01 -6.66419942e-01\n",
      "   2.48711306e+00 -9.28203230e+00  3.46410162e+01]]\n",
      "0.005172413793103448\n",
      "[-0.00568171  0.01147077  0.01862104  0.02629727  0.0307221   0.03238047\n",
      "  0.0307221   0.02629727  0.01862104  0.01147077 -0.00568171]\n",
      "m [[ 3.46410162e+01 -9.28203230e+00  2.48711306e+00 -6.66419942e-01\n",
      "   1.78566708e-01 -4.78468900e-02  1.28208517e-02 -3.43651696e-03\n",
      "   9.25216104e-04 -2.64347458e-04  1.32173729e-04]\n",
      " [-9.28203230e+00  1.85640646e+01 -4.97422612e+00  1.33283988e+00\n",
      "  -3.57133416e-01  9.56937799e-02 -2.56417035e-02  6.87303392e-03\n",
      "  -1.85043221e-03  5.28694917e-04 -2.64347458e-04]\n",
      " [ 2.48711306e+00 -4.97422612e+00  1.74097914e+01 -4.66493960e+00\n",
      "   1.24996696e+00 -3.34928230e-01  8.97459621e-02 -2.40556187e-02\n",
      "   6.47651273e-03 -1.85043221e-03  9.25216104e-04]\n",
      " [-6.66419942e-01  1.33283988e+00 -4.66493960e+00  1.73269185e+01\n",
      "  -4.64273441e+00  1.24401914e+00 -3.33342145e-01  8.93494409e-02\n",
      "  -2.40556187e-02  6.87303392e-03 -3.43651696e-03]\n",
      " [ 1.78566708e-01 -3.57133416e-01  1.24996696e+00 -4.64273441e+00\n",
      "   1.73209707e+01 -4.64114833e+00  1.24362262e+00 -3.33342145e-01\n",
      "   8.97459621e-02 -2.56417035e-02  1.28208517e-02]\n",
      " [-4.78468900e-02  9.56937799e-02 -3.34928230e-01  1.24401914e+00\n",
      "  -4.64114833e+00  1.73205742e+01 -4.64114833e+00  1.24401914e+00\n",
      "  -3.34928230e-01  9.56937799e-02 -4.78468900e-02]\n",
      " [ 1.28208517e-02 -2.56417035e-02  8.97459621e-02 -3.33342145e-01\n",
      "   1.24362262e+00 -4.64114833e+00  1.73209707e+01 -4.64273441e+00\n",
      "   1.24996696e+00 -3.57133416e-01  1.78566708e-01]\n",
      " [-3.43651696e-03  6.87303392e-03 -2.40556187e-02  8.93494409e-02\n",
      "  -3.33342145e-01  1.24401914e+00 -4.64273441e+00  1.73269185e+01\n",
      "  -4.66493960e+00  1.33283988e+00 -6.66419942e-01]\n",
      " [ 9.25216104e-04 -1.85043221e-03  6.47651273e-03 -2.40556187e-02\n",
      "   8.97459621e-02 -3.34928230e-01  1.24996696e+00 -4.66493960e+00\n",
      "   1.74097914e+01 -4.97422612e+00  2.48711306e+00]\n",
      " [-2.64347458e-04  5.28694917e-04 -1.85043221e-03  6.87303392e-03\n",
      "  -2.56417035e-02  9.56937799e-02 -3.57133416e-01  1.33283988e+00\n",
      "  -4.97422612e+00  1.85640646e+01 -9.28203230e+00]\n",
      " [ 1.32173729e-04 -2.64347458e-04  9.25216104e-04 -3.43651696e-03\n",
      "   1.28208517e-02 -4.78468900e-02  1.78566708e-01 -6.66419942e-01\n",
      "   2.48711306e+00 -9.28203230e+00  3.46410162e+01]]\n",
      "0.006896551724137931\n",
      "[-0.00565301  0.01143588  0.01860774  0.02622495  0.03069993  0.03229357\n",
      "  0.03069993  0.02622495  0.01860774  0.01143588 -0.00565301]\n",
      "m [[ 3.46410162e+01 -9.28203230e+00  2.48711306e+00 -6.66419942e-01\n",
      "   1.78566708e-01 -4.78468900e-02  1.28208517e-02 -3.43651696e-03\n",
      "   9.25216104e-04 -2.64347458e-04  1.32173729e-04]\n",
      " [-9.28203230e+00  1.85640646e+01 -4.97422612e+00  1.33283988e+00\n",
      "  -3.57133416e-01  9.56937799e-02 -2.56417035e-02  6.87303392e-03\n",
      "  -1.85043221e-03  5.28694917e-04 -2.64347458e-04]\n",
      " [ 2.48711306e+00 -4.97422612e+00  1.74097914e+01 -4.66493960e+00\n",
      "   1.24996696e+00 -3.34928230e-01  8.97459621e-02 -2.40556187e-02\n",
      "   6.47651273e-03 -1.85043221e-03  9.25216104e-04]\n",
      " [-6.66419942e-01  1.33283988e+00 -4.66493960e+00  1.73269185e+01\n",
      "  -4.64273441e+00  1.24401914e+00 -3.33342145e-01  8.93494409e-02\n",
      "  -2.40556187e-02  6.87303392e-03 -3.43651696e-03]\n",
      " [ 1.78566708e-01 -3.57133416e-01  1.24996696e+00 -4.64273441e+00\n",
      "   1.73209707e+01 -4.64114833e+00  1.24362262e+00 -3.33342145e-01\n",
      "   8.97459621e-02 -2.56417035e-02  1.28208517e-02]\n",
      " [-4.78468900e-02  9.56937799e-02 -3.34928230e-01  1.24401914e+00\n",
      "  -4.64114833e+00  1.73205742e+01 -4.64114833e+00  1.24401914e+00\n",
      "  -3.34928230e-01  9.56937799e-02 -4.78468900e-02]\n",
      " [ 1.28208517e-02 -2.56417035e-02  8.97459621e-02 -3.33342145e-01\n",
      "   1.24362262e+00 -4.64114833e+00  1.73209707e+01 -4.64273441e+00\n",
      "   1.24996696e+00 -3.57133416e-01  1.78566708e-01]\n",
      " [-3.43651696e-03  6.87303392e-03 -2.40556187e-02  8.93494409e-02\n",
      "  -3.33342145e-01  1.24401914e+00 -4.64273441e+00  1.73269185e+01\n",
      "  -4.66493960e+00  1.33283988e+00 -6.66419942e-01]\n",
      " [ 9.25216104e-04 -1.85043221e-03  6.47651273e-03 -2.40556187e-02\n",
      "   8.97459621e-02 -3.34928230e-01  1.24996696e+00 -4.66493960e+00\n",
      "   1.74097914e+01 -4.97422612e+00  2.48711306e+00]\n",
      " [-2.64347458e-04  5.28694917e-04 -1.85043221e-03  6.87303392e-03\n",
      "  -2.56417035e-02  9.56937799e-02 -3.57133416e-01  1.33283988e+00\n",
      "  -4.97422612e+00  1.85640646e+01 -9.28203230e+00]\n",
      " [ 1.32173729e-04 -2.64347458e-04  9.25216104e-04 -3.43651696e-03\n",
      "   1.28208517e-02 -4.78468900e-02  1.78566708e-01 -6.66419942e-01\n",
      "   2.48711306e+00 -9.28203230e+00  3.46410162e+01]]\n",
      "0.008620689655172414\n",
      "[-0.00563844  0.01142728  0.01855439  0.02620437  0.03061855  0.03226846\n",
      "  0.03061855  0.02620437  0.01855439  0.01142728 -0.00563844]\n",
      "m [[ 3.46410162e+01 -9.28203230e+00  2.48711306e+00 -6.66419942e-01\n",
      "   1.78566708e-01 -4.78468900e-02  1.28208517e-02 -3.43651696e-03\n",
      "   9.25216104e-04 -2.64347458e-04  1.32173729e-04]\n",
      " [-9.28203230e+00  1.85640646e+01 -4.97422612e+00  1.33283988e+00\n",
      "  -3.57133416e-01  9.56937799e-02 -2.56417035e-02  6.87303392e-03\n",
      "  -1.85043221e-03  5.28694917e-04 -2.64347458e-04]\n",
      " [ 2.48711306e+00 -4.97422612e+00  1.74097914e+01 -4.66493960e+00\n",
      "   1.24996696e+00 -3.34928230e-01  8.97459621e-02 -2.40556187e-02\n",
      "   6.47651273e-03 -1.85043221e-03  9.25216104e-04]\n",
      " [-6.66419942e-01  1.33283988e+00 -4.66493960e+00  1.73269185e+01\n",
      "  -4.64273441e+00  1.24401914e+00 -3.33342145e-01  8.93494409e-02\n",
      "  -2.40556187e-02  6.87303392e-03 -3.43651696e-03]\n",
      " [ 1.78566708e-01 -3.57133416e-01  1.24996696e+00 -4.64273441e+00\n",
      "   1.73209707e+01 -4.64114833e+00  1.24362262e+00 -3.33342145e-01\n",
      "   8.97459621e-02 -2.56417035e-02  1.28208517e-02]\n",
      " [-4.78468900e-02  9.56937799e-02 -3.34928230e-01  1.24401914e+00\n",
      "  -4.64114833e+00  1.73205742e+01 -4.64114833e+00  1.24401914e+00\n",
      "  -3.34928230e-01  9.56937799e-02 -4.78468900e-02]\n",
      " [ 1.28208517e-02 -2.56417035e-02  8.97459621e-02 -3.33342145e-01\n",
      "   1.24362262e+00 -4.64114833e+00  1.73209707e+01 -4.64273441e+00\n",
      "   1.24996696e+00 -3.57133416e-01  1.78566708e-01]\n",
      " [-3.43651696e-03  6.87303392e-03 -2.40556187e-02  8.93494409e-02\n",
      "  -3.33342145e-01  1.24401914e+00 -4.64273441e+00  1.73269185e+01\n",
      "  -4.66493960e+00  1.33283988e+00 -6.66419942e-01]\n",
      " [ 9.25216104e-04 -1.85043221e-03  6.47651273e-03 -2.40556187e-02\n",
      "   8.97459621e-02 -3.34928230e-01  1.24996696e+00 -4.66493960e+00\n",
      "   1.74097914e+01 -4.97422612e+00  2.48711306e+00]\n",
      " [-2.64347458e-04  5.28694917e-04 -1.85043221e-03  6.87303392e-03\n",
      "  -2.56417035e-02  9.56937799e-02 -3.57133416e-01  1.33283988e+00\n",
      "  -4.97422612e+00  1.85640646e+01 -9.28203230e+00]\n",
      " [ 1.32173729e-04 -2.64347458e-04  9.25216104e-04 -3.43651696e-03\n",
      "   1.28208517e-02 -4.78468900e-02  1.78566708e-01 -6.66419942e-01\n",
      "   2.48711306e+00 -9.28203230e+00  3.46410162e+01]]\n",
      "0.010344827586206896\n",
      "[-0.00561226  0.01139491  0.01853963  0.02613463  0.03059322  0.03218491\n",
      "  0.03059322  0.02613463  0.01853963  0.01139491 -0.00561226]\n",
      "m [[ 3.46410162e+01 -9.28203230e+00  2.48711306e+00 -6.66419942e-01\n",
      "   1.78566708e-01 -4.78468900e-02  1.28208517e-02 -3.43651696e-03\n",
      "   9.25216104e-04 -2.64347458e-04  1.32173729e-04]\n",
      " [-9.28203230e+00  1.85640646e+01 -4.97422612e+00  1.33283988e+00\n",
      "  -3.57133416e-01  9.56937799e-02 -2.56417035e-02  6.87303392e-03\n",
      "  -1.85043221e-03  5.28694917e-04 -2.64347458e-04]\n",
      " [ 2.48711306e+00 -4.97422612e+00  1.74097914e+01 -4.66493960e+00\n",
      "   1.24996696e+00 -3.34928230e-01  8.97459621e-02 -2.40556187e-02\n",
      "   6.47651273e-03 -1.85043221e-03  9.25216104e-04]\n",
      " [-6.66419942e-01  1.33283988e+00 -4.66493960e+00  1.73269185e+01\n",
      "  -4.64273441e+00  1.24401914e+00 -3.33342145e-01  8.93494409e-02\n",
      "  -2.40556187e-02  6.87303392e-03 -3.43651696e-03]\n",
      " [ 1.78566708e-01 -3.57133416e-01  1.24996696e+00 -4.64273441e+00\n",
      "   1.73209707e+01 -4.64114833e+00  1.24362262e+00 -3.33342145e-01\n",
      "   8.97459621e-02 -2.56417035e-02  1.28208517e-02]\n",
      " [-4.78468900e-02  9.56937799e-02 -3.34928230e-01  1.24401914e+00\n",
      "  -4.64114833e+00  1.73205742e+01 -4.64114833e+00  1.24401914e+00\n",
      "  -3.34928230e-01  9.56937799e-02 -4.78468900e-02]\n",
      " [ 1.28208517e-02 -2.56417035e-02  8.97459621e-02 -3.33342145e-01\n",
      "   1.24362262e+00 -4.64114833e+00  1.73209707e+01 -4.64273441e+00\n",
      "   1.24996696e+00 -3.57133416e-01  1.78566708e-01]\n",
      " [-3.43651696e-03  6.87303392e-03 -2.40556187e-02  8.93494409e-02\n",
      "  -3.33342145e-01  1.24401914e+00 -4.64273441e+00  1.73269185e+01\n",
      "  -4.66493960e+00  1.33283988e+00 -6.66419942e-01]\n",
      " [ 9.25216104e-04 -1.85043221e-03  6.47651273e-03 -2.40556187e-02\n",
      "   8.97459621e-02 -3.34928230e-01  1.24996696e+00 -4.66493960e+00\n",
      "   1.74097914e+01 -4.97422612e+00  2.48711306e+00]\n",
      " [-2.64347458e-04  5.28694917e-04 -1.85043221e-03  6.87303392e-03\n",
      "  -2.56417035e-02  9.56937799e-02 -3.57133416e-01  1.33283988e+00\n",
      "  -4.97422612e+00  1.85640646e+01 -9.28203230e+00]\n",
      " [ 1.32173729e-04 -2.64347458e-04  9.25216104e-04 -3.43651696e-03\n",
      "   1.28208517e-02 -4.78468900e-02  1.78566708e-01 -6.66419942e-01\n",
      "   2.48711306e+00 -9.28203230e+00  3.46410162e+01]]\n",
      "0.01206896551724138\n",
      "[-0.00559852  0.01138569  0.01848894  0.02611157  0.03051471  0.03215676\n",
      "  0.03051471  0.02611157  0.01848894  0.01138569 -0.00559852]\n",
      "m [[ 3.46410162e+01 -9.28203230e+00  2.48711306e+00 -6.66419942e-01\n",
      "   1.78566708e-01 -4.78468900e-02  1.28208517e-02 -3.43651696e-03\n",
      "   9.25216104e-04 -2.64347458e-04  1.32173729e-04]\n",
      " [-9.28203230e+00  1.85640646e+01 -4.97422612e+00  1.33283988e+00\n",
      "  -3.57133416e-01  9.56937799e-02 -2.56417035e-02  6.87303392e-03\n",
      "  -1.85043221e-03  5.28694917e-04 -2.64347458e-04]\n",
      " [ 2.48711306e+00 -4.97422612e+00  1.74097914e+01 -4.66493960e+00\n",
      "   1.24996696e+00 -3.34928230e-01  8.97459621e-02 -2.40556187e-02\n",
      "   6.47651273e-03 -1.85043221e-03  9.25216104e-04]\n",
      " [-6.66419942e-01  1.33283988e+00 -4.66493960e+00  1.73269185e+01\n",
      "  -4.64273441e+00  1.24401914e+00 -3.33342145e-01  8.93494409e-02\n",
      "  -2.40556187e-02  6.87303392e-03 -3.43651696e-03]\n",
      " [ 1.78566708e-01 -3.57133416e-01  1.24996696e+00 -4.64273441e+00\n",
      "   1.73209707e+01 -4.64114833e+00  1.24362262e+00 -3.33342145e-01\n",
      "   8.97459621e-02 -2.56417035e-02  1.28208517e-02]\n",
      " [-4.78468900e-02  9.56937799e-02 -3.34928230e-01  1.24401914e+00\n",
      "  -4.64114833e+00  1.73205742e+01 -4.64114833e+00  1.24401914e+00\n",
      "  -3.34928230e-01  9.56937799e-02 -4.78468900e-02]\n",
      " [ 1.28208517e-02 -2.56417035e-02  8.97459621e-02 -3.33342145e-01\n",
      "   1.24362262e+00 -4.64114833e+00  1.73209707e+01 -4.64273441e+00\n",
      "   1.24996696e+00 -3.57133416e-01  1.78566708e-01]\n",
      " [-3.43651696e-03  6.87303392e-03 -2.40556187e-02  8.93494409e-02\n",
      "  -3.33342145e-01  1.24401914e+00 -4.64273441e+00  1.73269185e+01\n",
      "  -4.66493960e+00  1.33283988e+00 -6.66419942e-01]\n",
      " [ 9.25216104e-04 -1.85043221e-03  6.47651273e-03 -2.40556187e-02\n",
      "   8.97459621e-02 -3.34928230e-01  1.24996696e+00 -4.66493960e+00\n",
      "   1.74097914e+01 -4.97422612e+00  2.48711306e+00]\n",
      " [-2.64347458e-04  5.28694917e-04 -1.85043221e-03  6.87303392e-03\n",
      "  -2.56417035e-02  9.56937799e-02 -3.57133416e-01  1.33283988e+00\n",
      "  -4.97422612e+00  1.85640646e+01 -9.28203230e+00]\n",
      " [ 1.32173729e-04 -2.64347458e-04  9.25216104e-04 -3.43651696e-03\n",
      "   1.28208517e-02 -4.78468900e-02  1.78566708e-01 -6.66419942e-01\n",
      "   2.48711306e+00 -9.28203230e+00  3.46410162e+01]]\n",
      "0.013793103448275862\n",
      "[-0.00557428  0.01135501  0.01847279  0.02604448  0.03048658  0.03207607\n",
      "  0.03048658  0.02604448  0.01847279  0.01135501 -0.00557428]\n",
      "m [[ 3.46410162e+01 -9.28203230e+00  2.48711306e+00 -6.66419942e-01\n",
      "   1.78566708e-01 -4.78468900e-02  1.28208517e-02 -3.43651696e-03\n",
      "   9.25216104e-04 -2.64347458e-04  1.32173729e-04]\n",
      " [-9.28203230e+00  1.85640646e+01 -4.97422612e+00  1.33283988e+00\n",
      "  -3.57133416e-01  9.56937799e-02 -2.56417035e-02  6.87303392e-03\n",
      "  -1.85043221e-03  5.28694917e-04 -2.64347458e-04]\n",
      " [ 2.48711306e+00 -4.97422612e+00  1.74097914e+01 -4.66493960e+00\n",
      "   1.24996696e+00 -3.34928230e-01  8.97459621e-02 -2.40556187e-02\n",
      "   6.47651273e-03 -1.85043221e-03  9.25216104e-04]\n",
      " [-6.66419942e-01  1.33283988e+00 -4.66493960e+00  1.73269185e+01\n",
      "  -4.64273441e+00  1.24401914e+00 -3.33342145e-01  8.93494409e-02\n",
      "  -2.40556187e-02  6.87303392e-03 -3.43651696e-03]\n",
      " [ 1.78566708e-01 -3.57133416e-01  1.24996696e+00 -4.64273441e+00\n",
      "   1.73209707e+01 -4.64114833e+00  1.24362262e+00 -3.33342145e-01\n",
      "   8.97459621e-02 -2.56417035e-02  1.28208517e-02]\n",
      " [-4.78468900e-02  9.56937799e-02 -3.34928230e-01  1.24401914e+00\n",
      "  -4.64114833e+00  1.73205742e+01 -4.64114833e+00  1.24401914e+00\n",
      "  -3.34928230e-01  9.56937799e-02 -4.78468900e-02]\n",
      " [ 1.28208517e-02 -2.56417035e-02  8.97459621e-02 -3.33342145e-01\n",
      "   1.24362262e+00 -4.64114833e+00  1.73209707e+01 -4.64273441e+00\n",
      "   1.24996696e+00 -3.57133416e-01  1.78566708e-01]\n",
      " [-3.43651696e-03  6.87303392e-03 -2.40556187e-02  8.93494409e-02\n",
      "  -3.33342145e-01  1.24401914e+00 -4.64273441e+00  1.73269185e+01\n",
      "  -4.66493960e+00  1.33283988e+00 -6.66419942e-01]\n",
      " [ 9.25216104e-04 -1.85043221e-03  6.47651273e-03 -2.40556187e-02\n",
      "   8.97459621e-02 -3.34928230e-01  1.24996696e+00 -4.66493960e+00\n",
      "   1.74097914e+01 -4.97422612e+00  2.48711306e+00]\n",
      " [-2.64347458e-04  5.28694917e-04 -1.85043221e-03  6.87303392e-03\n",
      "  -2.56417035e-02  9.56937799e-02 -3.57133416e-01  1.33283988e+00\n",
      "  -4.97422612e+00  1.85640646e+01 -9.28203230e+00]\n",
      " [ 1.32173729e-04 -2.64347458e-04  9.25216104e-04 -3.43651696e-03\n",
      "   1.28208517e-02 -4.78468900e-02  1.78566708e-01 -6.66419942e-01\n",
      "   2.48711306e+00 -9.28203230e+00  3.46410162e+01]]\n",
      "0.015517241379310345\n",
      "[-0.00556115  0.01134502  0.01842435  0.02601935  0.03041074  0.03204512\n",
      "  0.03041074  0.02601935  0.01842435  0.01134502 -0.00556115]\n",
      "m [[ 3.46410162e+01 -9.28203230e+00  2.48711306e+00 -6.66419942e-01\n",
      "   1.78566708e-01 -4.78468900e-02  1.28208517e-02 -3.43651696e-03\n",
      "   9.25216104e-04 -2.64347458e-04  1.32173729e-04]\n",
      " [-9.28203230e+00  1.85640646e+01 -4.97422612e+00  1.33283988e+00\n",
      "  -3.57133416e-01  9.56937799e-02 -2.56417035e-02  6.87303392e-03\n",
      "  -1.85043221e-03  5.28694917e-04 -2.64347458e-04]\n",
      " [ 2.48711306e+00 -4.97422612e+00  1.74097914e+01 -4.66493960e+00\n",
      "   1.24996696e+00 -3.34928230e-01  8.97459621e-02 -2.40556187e-02\n",
      "   6.47651273e-03 -1.85043221e-03  9.25216104e-04]\n",
      " [-6.66419942e-01  1.33283988e+00 -4.66493960e+00  1.73269185e+01\n",
      "  -4.64273441e+00  1.24401914e+00 -3.33342145e-01  8.93494409e-02\n",
      "  -2.40556187e-02  6.87303392e-03 -3.43651696e-03]\n",
      " [ 1.78566708e-01 -3.57133416e-01  1.24996696e+00 -4.64273441e+00\n",
      "   1.73209707e+01 -4.64114833e+00  1.24362262e+00 -3.33342145e-01\n",
      "   8.97459621e-02 -2.56417035e-02  1.28208517e-02]\n",
      " [-4.78468900e-02  9.56937799e-02 -3.34928230e-01  1.24401914e+00\n",
      "  -4.64114833e+00  1.73205742e+01 -4.64114833e+00  1.24401914e+00\n",
      "  -3.34928230e-01  9.56937799e-02 -4.78468900e-02]\n",
      " [ 1.28208517e-02 -2.56417035e-02  8.97459621e-02 -3.33342145e-01\n",
      "   1.24362262e+00 -4.64114833e+00  1.73209707e+01 -4.64273441e+00\n",
      "   1.24996696e+00 -3.57133416e-01  1.78566708e-01]\n",
      " [-3.43651696e-03  6.87303392e-03 -2.40556187e-02  8.93494409e-02\n",
      "  -3.33342145e-01  1.24401914e+00 -4.64273441e+00  1.73269185e+01\n",
      "  -4.66493960e+00  1.33283988e+00 -6.66419942e-01]\n",
      " [ 9.25216104e-04 -1.85043221e-03  6.47651273e-03 -2.40556187e-02\n",
      "   8.97459621e-02 -3.34928230e-01  1.24996696e+00 -4.66493960e+00\n",
      "   1.74097914e+01 -4.97422612e+00  2.48711306e+00]\n",
      " [-2.64347458e-04  5.28694917e-04 -1.85043221e-03  6.87303392e-03\n",
      "  -2.56417035e-02  9.56937799e-02 -3.57133416e-01  1.33283988e+00\n",
      "  -4.97422612e+00  1.85640646e+01 -9.28203230e+00]\n",
      " [ 1.32173729e-04 -2.64347458e-04  9.25216104e-04 -3.43651696e-03\n",
      "   1.28208517e-02 -4.78468900e-02  1.78566708e-01 -6.66419942e-01\n",
      "   2.48711306e+00 -9.28203230e+00  3.46410162e+01]]\n",
      "0.017241379310344827\n",
      "[-0.00553855  0.0113157   0.01840689  0.02595471  0.03038018  0.03196702\n",
      "  0.03038018  0.02595471  0.01840689  0.0113157  -0.00553855]\n",
      "m [[ 3.46410162e+01 -9.28203230e+00  2.48711306e+00 -6.66419942e-01\n",
      "   1.78566708e-01 -4.78468900e-02  1.28208517e-02 -3.43651696e-03\n",
      "   9.25216104e-04 -2.64347458e-04  1.32173729e-04]\n",
      " [-9.28203230e+00  1.85640646e+01 -4.97422612e+00  1.33283988e+00\n",
      "  -3.57133416e-01  9.56937799e-02 -2.56417035e-02  6.87303392e-03\n",
      "  -1.85043221e-03  5.28694917e-04 -2.64347458e-04]\n",
      " [ 2.48711306e+00 -4.97422612e+00  1.74097914e+01 -4.66493960e+00\n",
      "   1.24996696e+00 -3.34928230e-01  8.97459621e-02 -2.40556187e-02\n",
      "   6.47651273e-03 -1.85043221e-03  9.25216104e-04]\n",
      " [-6.66419942e-01  1.33283988e+00 -4.66493960e+00  1.73269185e+01\n",
      "  -4.64273441e+00  1.24401914e+00 -3.33342145e-01  8.93494409e-02\n",
      "  -2.40556187e-02  6.87303392e-03 -3.43651696e-03]\n",
      " [ 1.78566708e-01 -3.57133416e-01  1.24996696e+00 -4.64273441e+00\n",
      "   1.73209707e+01 -4.64114833e+00  1.24362262e+00 -3.33342145e-01\n",
      "   8.97459621e-02 -2.56417035e-02  1.28208517e-02]\n",
      " [-4.78468900e-02  9.56937799e-02 -3.34928230e-01  1.24401914e+00\n",
      "  -4.64114833e+00  1.73205742e+01 -4.64114833e+00  1.24401914e+00\n",
      "  -3.34928230e-01  9.56937799e-02 -4.78468900e-02]\n",
      " [ 1.28208517e-02 -2.56417035e-02  8.97459621e-02 -3.33342145e-01\n",
      "   1.24362262e+00 -4.64114833e+00  1.73209707e+01 -4.64273441e+00\n",
      "   1.24996696e+00 -3.57133416e-01  1.78566708e-01]\n",
      " [-3.43651696e-03  6.87303392e-03 -2.40556187e-02  8.93494409e-02\n",
      "  -3.33342145e-01  1.24401914e+00 -4.64273441e+00  1.73269185e+01\n",
      "  -4.66493960e+00  1.33283988e+00 -6.66419942e-01]\n",
      " [ 9.25216104e-04 -1.85043221e-03  6.47651273e-03 -2.40556187e-02\n",
      "   8.97459621e-02 -3.34928230e-01  1.24996696e+00 -4.66493960e+00\n",
      "   1.74097914e+01 -4.97422612e+00  2.48711306e+00]\n",
      " [-2.64347458e-04  5.28694917e-04 -1.85043221e-03  6.87303392e-03\n",
      "  -2.56417035e-02  9.56937799e-02 -3.57133416e-01  1.33283988e+00\n",
      "  -4.97422612e+00  1.85640646e+01 -9.28203230e+00]\n",
      " [ 1.32173729e-04 -2.64347458e-04  9.25216104e-04 -3.43651696e-03\n",
      "   1.28208517e-02 -4.78468900e-02  1.78566708e-01 -6.66419942e-01\n",
      "   2.48711306e+00 -9.28203230e+00  3.46410162e+01]]\n",
      "0.01896551724137931\n",
      "[-0.00552591  0.01130492  0.01836041  0.02592775  0.0303068   0.03193361\n",
      "  0.0303068   0.02592775  0.01836041  0.01130492 -0.00552591]\n",
      "m [[ 3.46410162e+01 -9.28203230e+00  2.48711306e+00 -6.66419942e-01\n",
      "   1.78566708e-01 -4.78468900e-02  1.28208517e-02 -3.43651696e-03\n",
      "   9.25216104e-04 -2.64347458e-04  1.32173729e-04]\n",
      " [-9.28203230e+00  1.85640646e+01 -4.97422612e+00  1.33283988e+00\n",
      "  -3.57133416e-01  9.56937799e-02 -2.56417035e-02  6.87303392e-03\n",
      "  -1.85043221e-03  5.28694917e-04 -2.64347458e-04]\n",
      " [ 2.48711306e+00 -4.97422612e+00  1.74097914e+01 -4.66493960e+00\n",
      "   1.24996696e+00 -3.34928230e-01  8.97459621e-02 -2.40556187e-02\n",
      "   6.47651273e-03 -1.85043221e-03  9.25216104e-04]\n",
      " [-6.66419942e-01  1.33283988e+00 -4.66493960e+00  1.73269185e+01\n",
      "  -4.64273441e+00  1.24401914e+00 -3.33342145e-01  8.93494409e-02\n",
      "  -2.40556187e-02  6.87303392e-03 -3.43651696e-03]\n",
      " [ 1.78566708e-01 -3.57133416e-01  1.24996696e+00 -4.64273441e+00\n",
      "   1.73209707e+01 -4.64114833e+00  1.24362262e+00 -3.33342145e-01\n",
      "   8.97459621e-02 -2.56417035e-02  1.28208517e-02]\n",
      " [-4.78468900e-02  9.56937799e-02 -3.34928230e-01  1.24401914e+00\n",
      "  -4.64114833e+00  1.73205742e+01 -4.64114833e+00  1.24401914e+00\n",
      "  -3.34928230e-01  9.56937799e-02 -4.78468900e-02]\n",
      " [ 1.28208517e-02 -2.56417035e-02  8.97459621e-02 -3.33342145e-01\n",
      "   1.24362262e+00 -4.64114833e+00  1.73209707e+01 -4.64273441e+00\n",
      "   1.24996696e+00 -3.57133416e-01  1.78566708e-01]\n",
      " [-3.43651696e-03  6.87303392e-03 -2.40556187e-02  8.93494409e-02\n",
      "  -3.33342145e-01  1.24401914e+00 -4.64273441e+00  1.73269185e+01\n",
      "  -4.66493960e+00  1.33283988e+00 -6.66419942e-01]\n",
      " [ 9.25216104e-04 -1.85043221e-03  6.47651273e-03 -2.40556187e-02\n",
      "   8.97459621e-02 -3.34928230e-01  1.24996696e+00 -4.66493960e+00\n",
      "   1.74097914e+01 -4.97422612e+00  2.48711306e+00]\n",
      " [-2.64347458e-04  5.28694917e-04 -1.85043221e-03  6.87303392e-03\n",
      "  -2.56417035e-02  9.56937799e-02 -3.57133416e-01  1.33283988e+00\n",
      "  -4.97422612e+00  1.85640646e+01 -9.28203230e+00]\n",
      " [ 1.32173729e-04 -2.64347458e-04  9.25216104e-04 -3.43651696e-03\n",
      "   1.28208517e-02 -4.78468900e-02  1.78566708e-01 -6.66419942e-01\n",
      "   2.48711306e+00 -9.28203230e+00  3.46410162e+01]]\n",
      "0.020689655172413793\n",
      "[-0.00550476  0.01127677  0.01834172  0.02586533  0.03027409  0.0318579\n",
      "  0.03027409  0.02586533  0.01834172  0.01127677 -0.00550476]\n",
      "m [[ 3.46410162e+01 -9.28203230e+00  2.48711306e+00 -6.66419942e-01\n",
      "   1.78566708e-01 -4.78468900e-02  1.28208517e-02 -3.43651696e-03\n",
      "   9.25216104e-04 -2.64347458e-04  1.32173729e-04]\n",
      " [-9.28203230e+00  1.85640646e+01 -4.97422612e+00  1.33283988e+00\n",
      "  -3.57133416e-01  9.56937799e-02 -2.56417035e-02  6.87303392e-03\n",
      "  -1.85043221e-03  5.28694917e-04 -2.64347458e-04]\n",
      " [ 2.48711306e+00 -4.97422612e+00  1.74097914e+01 -4.66493960e+00\n",
      "   1.24996696e+00 -3.34928230e-01  8.97459621e-02 -2.40556187e-02\n",
      "   6.47651273e-03 -1.85043221e-03  9.25216104e-04]\n",
      " [-6.66419942e-01  1.33283988e+00 -4.66493960e+00  1.73269185e+01\n",
      "  -4.64273441e+00  1.24401914e+00 -3.33342145e-01  8.93494409e-02\n",
      "  -2.40556187e-02  6.87303392e-03 -3.43651696e-03]\n",
      " [ 1.78566708e-01 -3.57133416e-01  1.24996696e+00 -4.64273441e+00\n",
      "   1.73209707e+01 -4.64114833e+00  1.24362262e+00 -3.33342145e-01\n",
      "   8.97459621e-02 -2.56417035e-02  1.28208517e-02]\n",
      " [-4.78468900e-02  9.56937799e-02 -3.34928230e-01  1.24401914e+00\n",
      "  -4.64114833e+00  1.73205742e+01 -4.64114833e+00  1.24401914e+00\n",
      "  -3.34928230e-01  9.56937799e-02 -4.78468900e-02]\n",
      " [ 1.28208517e-02 -2.56417035e-02  8.97459621e-02 -3.33342145e-01\n",
      "   1.24362262e+00 -4.64114833e+00  1.73209707e+01 -4.64273441e+00\n",
      "   1.24996696e+00 -3.57133416e-01  1.78566708e-01]\n",
      " [-3.43651696e-03  6.87303392e-03 -2.40556187e-02  8.93494409e-02\n",
      "  -3.33342145e-01  1.24401914e+00 -4.64273441e+00  1.73269185e+01\n",
      "  -4.66493960e+00  1.33283988e+00 -6.66419942e-01]\n",
      " [ 9.25216104e-04 -1.85043221e-03  6.47651273e-03 -2.40556187e-02\n",
      "   8.97459621e-02 -3.34928230e-01  1.24996696e+00 -4.66493960e+00\n",
      "   1.74097914e+01 -4.97422612e+00  2.48711306e+00]\n",
      " [-2.64347458e-04  5.28694917e-04 -1.85043221e-03  6.87303392e-03\n",
      "  -2.56417035e-02  9.56937799e-02 -3.57133416e-01  1.33283988e+00\n",
      "  -4.97422612e+00  1.85640646e+01 -9.28203230e+00]\n",
      " [ 1.32173729e-04 -2.64347458e-04  9.25216104e-04 -3.43651696e-03\n",
      "   1.28208517e-02 -4.78468900e-02  1.78566708e-01 -6.66419942e-01\n",
      "   2.48711306e+00 -9.28203230e+00  3.46410162e+01]]\n",
      "0.022413793103448276\n",
      "[-0.00549254  0.01126525  0.01829696  0.02583673  0.03020297  0.03182235\n",
      "  0.03020297  0.02583673  0.01829696  0.01126525 -0.00549254]\n",
      "m [[ 3.46410162e+01 -9.28203230e+00  2.48711306e+00 -6.66419942e-01\n",
      "   1.78566708e-01 -4.78468900e-02  1.28208517e-02 -3.43651696e-03\n",
      "   9.25216104e-04 -2.64347458e-04  1.32173729e-04]\n",
      " [-9.28203230e+00  1.85640646e+01 -4.97422612e+00  1.33283988e+00\n",
      "  -3.57133416e-01  9.56937799e-02 -2.56417035e-02  6.87303392e-03\n",
      "  -1.85043221e-03  5.28694917e-04 -2.64347458e-04]\n",
      " [ 2.48711306e+00 -4.97422612e+00  1.74097914e+01 -4.66493960e+00\n",
      "   1.24996696e+00 -3.34928230e-01  8.97459621e-02 -2.40556187e-02\n",
      "   6.47651273e-03 -1.85043221e-03  9.25216104e-04]\n",
      " [-6.66419942e-01  1.33283988e+00 -4.66493960e+00  1.73269185e+01\n",
      "  -4.64273441e+00  1.24401914e+00 -3.33342145e-01  8.93494409e-02\n",
      "  -2.40556187e-02  6.87303392e-03 -3.43651696e-03]\n",
      " [ 1.78566708e-01 -3.57133416e-01  1.24996696e+00 -4.64273441e+00\n",
      "   1.73209707e+01 -4.64114833e+00  1.24362262e+00 -3.33342145e-01\n",
      "   8.97459621e-02 -2.56417035e-02  1.28208517e-02]\n",
      " [-4.78468900e-02  9.56937799e-02 -3.34928230e-01  1.24401914e+00\n",
      "  -4.64114833e+00  1.73205742e+01 -4.64114833e+00  1.24401914e+00\n",
      "  -3.34928230e-01  9.56937799e-02 -4.78468900e-02]\n",
      " [ 1.28208517e-02 -2.56417035e-02  8.97459621e-02 -3.33342145e-01\n",
      "   1.24362262e+00 -4.64114833e+00  1.73209707e+01 -4.64273441e+00\n",
      "   1.24996696e+00 -3.57133416e-01  1.78566708e-01]\n",
      " [-3.43651696e-03  6.87303392e-03 -2.40556187e-02  8.93494409e-02\n",
      "  -3.33342145e-01  1.24401914e+00 -4.64273441e+00  1.73269185e+01\n",
      "  -4.66493960e+00  1.33283988e+00 -6.66419942e-01]\n",
      " [ 9.25216104e-04 -1.85043221e-03  6.47651273e-03 -2.40556187e-02\n",
      "   8.97459621e-02 -3.34928230e-01  1.24996696e+00 -4.66493960e+00\n",
      "   1.74097914e+01 -4.97422612e+00  2.48711306e+00]\n",
      " [-2.64347458e-04  5.28694917e-04 -1.85043221e-03  6.87303392e-03\n",
      "  -2.56417035e-02  9.56937799e-02 -3.57133416e-01  1.33283988e+00\n",
      "  -4.97422612e+00  1.85640646e+01 -9.28203230e+00]\n",
      " [ 1.32173729e-04 -2.64347458e-04  9.25216104e-04 -3.43651696e-03\n",
      "   1.28208517e-02 -4.78468900e-02  1.78566708e-01 -6.66419942e-01\n",
      "   2.48711306e+00 -9.28203230e+00  3.46410162e+01]]\n",
      "0.02413793103448276\n",
      "[-0.00547267  0.01123812  0.01827713  0.0257763   0.03016839  0.03174885\n",
      "  0.03016839  0.0257763   0.01827713  0.01123812 -0.00547267]\n",
      "m [[ 3.46410162e+01 -9.28203230e+00  2.48711306e+00 -6.66419942e-01\n",
      "   1.78566708e-01 -4.78468900e-02  1.28208517e-02 -3.43651696e-03\n",
      "   9.25216104e-04 -2.64347458e-04  1.32173729e-04]\n",
      " [-9.28203230e+00  1.85640646e+01 -4.97422612e+00  1.33283988e+00\n",
      "  -3.57133416e-01  9.56937799e-02 -2.56417035e-02  6.87303392e-03\n",
      "  -1.85043221e-03  5.28694917e-04 -2.64347458e-04]\n",
      " [ 2.48711306e+00 -4.97422612e+00  1.74097914e+01 -4.66493960e+00\n",
      "   1.24996696e+00 -3.34928230e-01  8.97459621e-02 -2.40556187e-02\n",
      "   6.47651273e-03 -1.85043221e-03  9.25216104e-04]\n",
      " [-6.66419942e-01  1.33283988e+00 -4.66493960e+00  1.73269185e+01\n",
      "  -4.64273441e+00  1.24401914e+00 -3.33342145e-01  8.93494409e-02\n",
      "  -2.40556187e-02  6.87303392e-03 -3.43651696e-03]\n",
